9999
5068
2040
7717
3683
8230
3798
8395
2348
5563
1698
1502
7840
1444
6774
6187
2445
6735
4214
9760
6315
6972
1109
6334
1266
1794
4442
7086
1498
9809
3529
3379
4878
1922
1097
4913
 152
1247
3308
2501
6810
5007
 355
1002
2803
7129
7189
1601
 216
1403
1361
2883
8375
8822
9218
5994
6969
  12
3080
4819
9821
2962
8198
1051
4884
5647
5965
5036
6895
9273
3889
  57
 632
 596
1060
3436
4078
8249
5037
4294
6005
2750
3530
 732
7925
9100
6726
1246
9112
6159
2417
5285
9121
 615
6337
 357
2615
2302
5393
9510
1575
5635
5919
8560
2583
6979
1996
6661
1581
3385
7308
3938
2487
 838
4670
6764
6290
7749
8010
5402
3908
 427
 687
9381
7395
3376
9738
6362
5678
1483
5872
3606
7118
8143
2166
6054
5123
 514
2715
6704
3899
6375
 642
2738
7213
1664
9503
3503
9413
3865
5257
9673
 645
2297
9054
4392
5673
5144
 754
7704
6628
2978
1310
  98
1121
3476
6152
6244
 342
5220
9300
 593
1595
6294
3331
5161
7959
2834
5016
3724
3052
 274
9750
3697
8923
5156
8089
4596
 301
5195
2300
3281
8173
9962
3379
5646
9790
5884
1891
 132
1104
7543
 725
9051
3838
4057
4212
8149
3243
9229
8225
6295
5855
7975
6344
4778
3132
 785
5726
9785
5980
8027
3066
 505
7989
6445
6152
7780
8681
4395
4264
6137
1938
4990
5189
2128
5399
9401
6629
8642
4982
4855
1290
7189
9182
7634
1967
8666
8420
7694
8451
 752
2073
1517
7610
6414
4315
3762
 546
2996
8157
4811
9134
6447
9801
 675
4928
5200
  76
1557
 194
1411
2764
1484
8600
1947
9119
6920
 613
3891
 966
5417
 995
3039
6934
8605
9453
7601
2367
   0
 598
6876
1163
6084
9676
 964
6759
 956
2516
3187
8865
2710
 950
1630
4195
9551
9929
9666
2823
6894
9909
3789
2311
 904
6828
9246
9510
2633
3199
8229
8985
 149
1458
 148
6233
7486
1112
9344
8442
9980
8884
7307
2691
9834
5289
3238
5737
5218
9256
8560
2113
9165
8701
 776
  69
5529
6374
5931
4515
9574
 513
3500
9723
8323
3649
2309
5809
1113
8005
4251
7446
6889
1558
 137
3076
6848
9727
5165
8418
8983
3726
6883
8148
8779
7660
4569
4309
4034
6853
5176
9960
3718
8676
9684
2041
8677
1993
7850
6143
6350
2101
3589
3240
  11
  78
2668
3211
9805
7833
7982
5140
7911
4865
9640
6691
8877
4209
7352
2912
7414
2528
2872
1132
7556
8908
3173
6234
7253
1023
2377
3604
9476
2318
3196
5840
2396
5864
9051
8553
  49
7033
3693
4313
1899
9685
1004
 776
 246
8356
  40
7661
7236
9265
5145
4792
4525
4671
7378
1779
5694
9755
1735
1523
8425
4931
7363
 821
7147
2766
5726
3548
9800
5771
7861
8051
5456
8865
5179
5703
3573
1572
9716
7161
7189
4861
1954
1714
9532
9332
3493
1579
5440
5228
3102
3865
6511
6817
1039
  10
9583
6765
3559
5735
2537
7772
 138
7993
6638
1670
  48
6563
3242
9764
  77
 431
4626
2031
2145
4158
7715
1991
2089
9507
3571
1543
9725
6435
8360
 764
6445
4296
7529
6356
6383
6418
4129
2874
 764
7119
4544
 812
3682
7786
 577
 111
4569
5203
8494
3066
5713
6210
5057
4155
2069
4981
5698
1794
1416
 411
2558
7861
1059
6440
4218
7442
2858
8347
 316
3622
1818
1212
 787
1852
8998
1364
1964
9919
2919
 458
2986
4984
3020
4395
9139
5090
5728
4838
6884
7144
5249
5795
1358
2660
2235
1928
6454
1445
6627
6771
1420
8445
7983
2207
 297
3334
3571
2261
9605
2842
2720
8943
7826
2092
9691
6966
7182
5419
8156
 419
8916
9757
2566
 274
2417
1153
2202
8871
8950
8829
1994
 370
3626
6330
8929
3923
6016
8852
6185
5621
1694
5257
 917
9521
7349
 608
2839
 884
6027
 995
7655
4943
 752
 221
1569
9521
7726
3771
8392
6676
8952
6739
7047
2578
3069
2328
2854
9085
1181
9039
1058
2875
 648
1975
8748
4349
8935
7939
5233
1315
5286
9240
6258
2390
5813
4180
1911
3539
4303
6656
 216
9608
3395
3615
2186
2816
5943
1392
8253
3476
 431
9311
2704
7431
7639
1452
1781
2926
5744
3366
4241
1030
2607
6852
3421
8420
1032
1684
8312
5335
8340
8528
4943
8087
8495
3482
 903
4438
4874
9156
4267
1658
4820
6971
5441
8811
8423
7222
1737
 519
6941
5979
1550
5900
2831
1323
 672
 215
3007
8984
5550
1348
3864
6846
9435
2359
6680
6691
3150
1554
2199
7417
9564
7019
4388
5006
2182
9163
8580
3920
9683
5521
6251
7585
1421
5434
8908
2094
5649
1915
7430
1199
9615
1295
4397
5403
3654
1077
2094
3156
8984
4293
 573
8548
7665
1313
9906
6199
 477
8487
 119
6512
 360
2722
4097
8134
8156
3005
6580
3805
1272
4010
1357
7240
5305
5754
2643
5312
3184
1089
4820
2168
1734
5394
7068
9399
3059
6975
1951
3536
5462
8422
  48
2174
1145
 497
 308
5653
9854
6888
9459
1127
 899
7168
8367
2556
9274
7362
4220
2458
8451
9041
4626
 185
 787
1695
5937
3846
5022
7888
7383
6836
6310
3783
9010
3807
 633
9319
9461
 487
6207
5272
1614
3458
2440
6333
2367
1714
3695
6587
 525
8498
1980
5151
5036
2767
3198
 973
6614
8220
5213
 349
5056
1523
 484
4067
5331
1117
9738
1144
1605
2297
6416
9571
2108
8856
2257
4475
6922
2304
1062
7447
 803
3043
2599
5839
2162
2149
3164
5128
6722
8377
5477
1778
6252
2314
2197
7935
3431
8287
9079
1388
 585
5495
7312
2693
4351
9569
7168
7626
1873
4582
5073
9028
3977
4024
1219
2492
6174
4383
7620
2896
9112
9450
1026
1717
1764
9576
9652
1547
7863
8732
2936
8448
 579
 248
7493
1283
6169
1013
8909
4394
5596
3982
3423
5925
8007
 994
8417
 533
1730
6038
9781
 842
5488
 807
8911
3604
 383
8564
5151
4599
3648
4439
3047
4227
1039
6893
1862
7208
7906
 771
1603
3502
4754
1378
5780
9113
2372
4197
9646
 454
6587
9427
7649
2075
6586
6560
2031
3322
1476
7183
7921
5124
1622
7320
5704
9014
4213
7566
6222
2120
4690
4177
1974
5796
1907
7754
4909
 632
1952
 907
1086
4891
6686
8735
6967
3272
1648
5350
2946
3124
2533
 867
8249
 508
8188
 305
9522
2401
4223
2096
 873
8913
6274
2848
4709
4533
 602
9618
5165
8906
6877
2604
3798
3563
1339
7117
3188
2987
2467
6134
6112
1353
3354
 713
1861
1542
1018
7735
 295
1593
9831
1169
 507
2457
4017
5216
6991
 971
1187
2156
6230
4416
1112
  28
7980
2452
3497
7520
1791
5964
3654
4255
7317
3360
1320
5530
4902
8690
3265
1550
 284
3097
2719
 791
5554
3088
2359
8897
 411
9898
7406
6641
4315
8518
6669
8647
7322
 166
2519
9114
2483
6173
9721
6152
5886
1042
1683
 788
9732
4948
2338
  16
4397
1409
7159
6304
 849
5871
5201
1261
5769
2607
7902
6436
1126
 924
1435
8448
7442
3954
3914
9925
6480
3636
6078
2366
1030
4113
9506
 762
5413
8197
7131
9811
9606
 642
2467
6808
6513
7668
8069
8635
6628
2323
1423
7754
3247
2859
2554
 690
3165
6469
6967
9645
6457
9397
2011
7487
3510
7870
4601
5276
6067
8084
1439
2025
8727
3906
8833
1592
7926
3254
 227
4554
5578
8003
2308
8825
 862
1215
5867
4027
7684
9187
  25
 493
8584
8388
7980
8447
6258
8933
3723
2325
7018
1514
 703
5745
5420
9536
7337
3346
2791
3917
4253
8369
1920
2913
3546
9134
4128
5766
9513
8164
4953
5890
8657
9889
4279
2989
8336
6889
1923
8411
5567
8941
6277
6270
1038
1697
5806
4727
1396
4949
8644
5649
9670
6916
8562
9569
6050
9043
5335
1916
7207
6640
7806
5865
6529
2085
8854
1218
5327
7129
9629
 894
6070
5907
7164
3460
3956
9322
8188
1704
4272
3184
3705
 294
6453
8620
9863
8855
7663
5198
 771
4870
8190
8578
7087
4720
7015
2294
5938
8694
9423
1919
9588
1846
4178
3104
5306
4487
2427
9846
6191
3051
9383
6249
3345
5836
4869
9561
4691
8884
1111
1815
 106
9302
6745
7194
4022
3760
9488
6312
8807
5263
4583
8395
7109
5114
7852
8768
9601
6631
4966
2144
9682
4349
8393
9379
 185
9614
5292
1229
4850
6404
3044
4957
5706
9789
8503
6080
9901
7991
8744
8708
9606
3327
3456
3068
8441
1308
8188
4394
7939
3154
6539
3973
3856
1284
9704
 393
7251
4997
1622
2101
7753
1018
7058
3459
 807
5561
5891
7061
9904
4635
2121
5863
7962
5577
8931
2756
3237
7119
7150
7528
6625
  41
7853
 481
1326
7558
 875
8577
8907
8849
7030
6660
9868
 441
6471
7027
2354
2362
 440
8611
3349
2562
4474
7663
8139
9757
 419
7729
3228
3922
5257
9853
3963
3111
6687
5289
7021
3914
 218
2280
2763
3601
5292
8983
4042
1763
2363
6396
 477
2803
1359
 178
5365
5833
7841
9857
1942
8261
7586
5170
2183
9195
1376
6146
8658
4415
7788
5679
8329
4358
4311
7444
7959
9603
6428
2001
7718
8791
4750
4547
7946
6109
4725
3312
8295
2567
9521
6589
7180
3459
8112
5715
2654
9488
8213
7665
3903
6001
9696
8584
6712
4008
6028
4671
3611
8808
3025
7682
3951
7775
2229
1898
 236
6955
5210
4883
5874
1083
7825
3054
4542
5937
5121
3548
5425
3334
1213
5680
5688
 910
 616
2400
4918
6644
7071
4881
5453
6448
2563
9404
4223
4793
1302
 812
8100
2864
2047
3974
3947
9872
3380
4841
5809
4853
8390
7586
8187
9603
9618
 227
6865
 234
2627
1783
6879
6051
3017
8684
2499
5580
4440
3075
6725
2095
 239
4825
4959
2286
5151
5259
8511
4883
 100
4320
6088
4842
8259
4276
4446
7877
4503
1311
4464
3483
9447
7695
9534
8816
6379
8385
4396
7171
7812
7474
9266
8051
8651
 578
6690
 155
5837
5201
5038
2289
5873
7479
7132
 484
1755
7930
4714
2610
5593
9178
2445
1392
6873
8331
 208
9604
6717
 957
3127
4529
8431
2394
8933
3434
2972
5623
3589
5161
7176
4980
3802
9401
2459
7286
9886
 566
5216
4600
3176
7162
 130
5622
8554
7003
3953
5115
2959
7022
2424
6086
7904
7207
4832
6837
 641
4156
8812
4231
9317
5988
5563
3120
5389
8022
 406
1627
8588
1975
6227
8116
9137
6357
  90
4043
9712
 396
5510
9023
7418
7934
1462
1674
5141
6294
8511
2135
 451
3675
2718
6120
9663
8281
5592
1405
6303
2351
3032
1243
4326
5612
9359
9815
8321
5802
 210
4386
6198
5721
3409
9968
   7
1223
1643
1501
3870
6506
3636
4321
 182
6354
6793
6197
4635
2386
3954
7290
4737
3339
8533
5415
8951
4244
5230
3624
  46
1792
8010
6244
3865
7772
2565
3873
5347
4208
5374
9217
7066
5362
9890
7248
1716
6684
9798
2703
9070
3752
6345
 159
7091
4878
5574
2394
5474
7156
6019
5521
8948
 381
8117
2814
4505
7034
3039
9853
1242
8413
5422
8309
 127
5313
1909
8195
8349
1707
 898
3771
5460
7243
3930
2551
8473
5856
1298
 299
3012
7317
5820
8312
4050
 290
1126
4908
7324
 517
4761
4919
8930
6535
9580
5409
8200
7841
3604
6549
9549
 854
6672
1361
4449
6954
 264
9274
2810
1562
9574
2174
8879
1746
 487
9282
2036
7965
4190
5713
8483
5303
6984
3765
1838
2916
9175
6391
 757
9131
2940
 306
9986
5965
1667
4435
2919
8284
3710
5730
9846
3284
7904
5078
5030
4743
4360
3419
2709
8550
5484
1192
 205
8820
1309
8395
1736
 484
4786
2493
9616
4079
9152
5954
  44
7171
6741
2963
5455
 451
8693
5302
  87
2950
 380
1470
7693
1092
1241
 402
5994
3077
7946
6199
1897
9256
4594
3633
6092
5733
2478
2060
9812
1630
8014
9856
8802
4756
9171
 609
1559
7865
5911
7999
7167
2643
5821
4860
3735
7062
1615
6081
6491
5913
2280
8388
1521
3227
8373
7614
5312
 851
9674
5124
8834
4041
1332
3988
8797
 503
4597
6708
4720
 509
4707
8239
9504
 528
3100
9592
3942
1067
5673
 433
3332
4306
5173
4854
3885
3546
2468
9197
 750
8494
 673
9584
2535
2005
9924
1332
8860
4521
4393
3581
1382
5452
1820
 887
2333
1272
 479
6275
8691
2504
3061
2024
6810
8234
6878
 695
8133
5698
9892
5235
4192
 565
4819
6728
8922
1095
4412
7783
5616
5157
7716
6999
 610
9536
4238
2943
7161
4717
9218
5852
3573
8631
4228
 384
3218
7458
7431
1351
3156
3676
6586
3701
 593
7757
6781
9516
8852
1193
3651
4468
2703
1367
7819
3313
 903
2057
6256
4416
3126
1826
6621
6700
 458
 849
3436
  28
8308
 867
1379
7816
4543
4317
7869
5137
2074
4650
1005
7278
2196
4656
8098
4899
6023
5918
8212
3278
4327
 820
7695
3806
2646
4316
6858
9456
1517
 294
9484
6177
7513
7215
 346
8409
1532
8215
3546
9958
2866
 903
3588
5062
5559
1687
6313
7934
3957
4525
1212
4636
1697
5259
8442
 695
5927
1652
 152
3797
8298
5988
9974
5812
9556
6672
4221
7440
4888
4119
3751
4106
5022
7339
5520
6933
5378
1833
1219
9335
2710
8783
3972
4407
4043
8766
5102
6322
 419
1606
 119
8717
3947
6446
 881
3503
3118
1454
7295
4358
5573
1046
8464
6947
8386
3984
 232
 116
5817
1451
9452
8527
 235
9776
2934
 630
8542
4389
3304
5313
5995
9776
 383
9942
2574
7616
3445
5692
9071
 741
6403
 996
8139
4867
7944
2877
8852
4528
2994
1021
2332
2446
9549
8919
8574
8835
5901
3468
3224
9205
8782
9220
5333
5517
5514
7907
3133
8960
9952
8556
6053
6355
9553
4192
1222
7497
3422
6426
8377
6416
7448
 709
5214
3349
9628
3788
8536
5529
7256
1761
4735
2390
7333
  68
4259
2847
4328
3745
8159
4280
2301
 564
 635
1854
1109
8209
5703
4531
4636
4081
7299
8436
4790
2513
8137
4419
2653
6673
6300
9909
4786
1035
8652
8471
7456
2911
1319
8136
6656
5830
2416
8958
6395
9403
7164
7504
7612
2868
8387
8600
6949
5686
7036
8091
8199
1525
2510
 852
8199
8811
7113
2985
6198
2117
1457
   6
1381
9128
4494
8037
1310
6910
3347
4057
6313
 512
1561
 278
9732
6300
8878
6681
1986
2267
4772
6537
3792
3635
3741
8343
8798
7207
7681
1348
9324
5490
7707
 705
 970
2201
5095
2280
5464
4794
6338
8129
1658
4251
8407
1390
 552
3638
4423
8890
2257
5548
1780
2401
5535
5521
 745
4333
9080
4778
2033
8405
 268
9740
5462
1238
1942
6909
9870
3758
8056
6208
1887
6066
6812
 295
3809
7364
 285
8232
2606
2542
 132
4386
1295
5667
9908
2040
   0
8988
6818
2034
3745
3438
8126
5560
4676
6420
8821
4547
 178
6877
7107
2066
2944
3919
8713
3105
7635
5350
1337
 242
7892
7822
4628
9187
3489
 888
7580
9842
6229
 750
8228
6326
4189
6354
1886
5217
2775
7060
6116
9305
3937
3224
7723
3233
3495
6436
6338
1131
1786
4028
1373
6030
1850
2353
1570
1691
9594
5502
1533
5823
6252
9761
2149
6793
2468
 388
8363
1595
7448
4479
 900
7737
4055
8624
7323
7551
1412
  13
5034
3199
4041
6407
5581
2243
5112
7151
3935
4706
9005
1820
 529
1610
1582
9031
4755
 402
5771
3118
1997
3219
3950
2897
7308
4357
1521
4631
1908
2934
 997
3294
2485
1390
9701
4418
3634
1166
7922
3921
5872
6927
2093
2754
8537
  27
8137
3293
 429
3908
2763
2426
3479
6713
5324
 787
1071
3197
1771
9331
2483
2768
2626
1320
 510
8679
5739
4144
6197
3661
4417
2070
 588
6511
1176
5478
6538
9313
5123
6968
3221
7886
5746
3052
 952
7422
 191
8375
 620
1962
4058
9455
1082
6684
7128
7945
1716
2867
2089
7913
2880
2859
6335
9820
5722
7511
5298
8612
3176
 421
1932
6397
4660
7679
5801
5612
5101
5993
 339
2073
4307
4397
7881
1742
1082
5009
9687
9150
4228
8128
3415
7108
 987
9751
6928
3061
3614
8579
1674
6791
5352
3606
9540
  12
7637
5342
1976
9091
7687
2315
7516
1994
6713
5397
3736
4147
6758
3423
9649
 986
1552
3064
4446
8891
9167
1375
1953
9134
6306
3627
2277
1658
3585
8169
8023
7575
9863
6351
6666
7550
5019
 534
9545
8084
5932
3281
2231
2690
3057
8232
  29
4609
7648
4475
3500
3168
2202
5453
8654
4860
5432
 931
6519
5370
9100
 894
2945
5316
3597
5963
2866
8616
6497
8763
6700
8781
8397
5283
7824
1454
3515
7853
2415
7516
8680
5915
 684
 883
7721
9338
5743
9505
6621
8614
4875
2073
5860
4172
7389
9458
6487
6608
4426
2985
5371
1127
8118
 120
6410
5942
1574
6278
 147
3989
 146
8828
6257
7182
6063
 330
6520
8158
9835
9493
6773
1063
1566
8985
1587
5308
8443
8075
1916
9222
7412
3639
 349
5530
3760
3111
7825
1686
5741
7972
5676
5887
6800
8285
3069
2863
4967
5941
1022
1154
5434
4147
8569
3353
9484
 157
8661
4280
4584
6929
3502
1996
 568
3851
3878
 680
3314
1703
2367
9056
6028
4395
1295
2828
9032
4365
2044
3999
6658
9418
5153
8445
3565
3723
1798
3049
 232
6811
7329
4816
  92
 831
3164
7012
1034
7042
7693
4349
5098
  60
9757
1126
 807
1052
 306
9839
1769
2350
3838
8428
1768
5343
3225
1685
9066
1375
1087
9298
8186
4768
 466
4630
1952
3630
1642
9338
 673
9335
3687
2123
5747
3444
3249
6554
 849
3555
2745
2618
2258
6583
7398
4026
1927
 623
2064
7345
1998
9503
2996
6536
4271
3462
1166
2575
7093
2809
1914
4118
8496
1953
6241
 596
5398
5842
3502
2599
9397
6248
5217
1655
2831
8968
2034
1110
9591
 450
8456
7942
9953
7804
4478
 576
1266
1997
3152
4711
4806
5066
8829
9654
7019
1422
 250
8769
7264
3753
1368
3014
   1
2938
4669
9184
1906
3055
 295
1497
3505
5103
5791
3458
2907
 270
4035
 525
2267
7187
5237
3425
8605
 418
3079
1976
1841
9682
 746
5457
9787
8466
8471
9788
1404
9493
8972
3310
2548
5619
1160
6054
 722
3303
5864
9981
3573
9899
 507
2192
3438
2096
1969
8395
2514
1401
 372
 707
1083
1118
2517
 870
5936
 988
7010
7341
 481
2334
7003
3030
7954
4515
5436
5028
7819
1300
1362
7744
7552
1869
6289
 990
 317
8258
9386
9183
9659
9758
9891
7094
7228
8760
4316
9516
9748
1326
6857
6582
3661
 213
5964
7967
1080
1400
9347
5251
9052
 709
9348
6604
8930
5637
3947
9247
 247
3333
8431
6259
9443
4674
3353
3023
9786
7670
2539
9534
5348
5749
2468
9009
2314
4784
3328
9746
2536
2676
4998
1589
9737
4346
4545
8668
6335
8492
4267
6582
8177
9050
2841
3972
  76
2547
6995
9862
 217
5887
5749
1917
7988
8217
 927
6654
3002
 607
6400
5538
9635
1398
3479
9373
2096
8025
4393
8431
6517
5012
1366
4695
4063
 559
8667
4139
3106
2015
4002
9675
4254
6103
1593
8594
4320
8872
5248
3674
9479
1648
5565
5467
9399
9044
1192
7847
3421
5585
2631
6291
6949
3997
7338
7364
4556
2357
1504
4015
4372
1858
3690
4978
4313
5283
3572
8633
 507
5172
8660
6339
3173
4225
1806
2572
9621
2998
6771
9395
4935
9402
5686
8236
9751
3024
5601
 660
5381
3457
4675
6106
5315
4717
7436
9628
6353
1009
4613
6860
6181
9625
3199
9354
 202
1357
8278
9824
4355
1402
5571
5642
7156
1257
3879
6908
 633
9480
7568
2366
2937
8595
4824
4604
3312
2261
 584
9665
3270
1549
2878
5803
1175
6077
1510
1377
3787
6140
7553
8142
7542
3124
 137
4699
 733
4016
7959
1366
3496
1879
3733
2785
6826
8557
7389
 138
7170
4325
6156
 440
5874
5386
2596
7049
7815
 458
8427
1602
6598
5980
9745
 493
9105
9882
5192
9838
 250
9503
7557
3746
1382
7642
2883
8208
2551
6624
4698
9722
 949
7206
6514
6823
2592
9110
3873
 408
9568
8652
2010
2519
4632
8107
3012
  89
7989
4556
6280
4591
4059
3837
4689
1793
7831
7572
6353
 382
4196
1051
 104
5145
4610
6619
1969
7202
2081
2194
7610
8002
 846
5973
 521
5478
4080
3533
1920
8422
4441
8200
3013
8500
8389
7703
 293
6220
1627
2998
6602
5824
4049
3059
 969
5011
6030
9290
2214
8111
1484
6176
2465
8682
2149
2986
4161
2582
2871
2433
7356
7312
6985
 369
2164
5374
4424
8809
7946
6052
1807
 900
1876
2209
3959
9197
7220
6341
4840
9434
4453
2676
1963
3270
1359
 464
2609
1872
3046
5480
4305
 402
9145
1290
7124
1309
3016
1548
6471
 962
3952
8278
8214
2180
6839
2174
7730
4060
4867
2570
9846
9320
5246
1809
8943
2957
2274
1552
4829
1672
7032
5486
8427
2529
6776
5551
 191
6144
3451
6662
3458
7404
4940
1673
5936
1780
 199
3666
2192
5066
6236
2038
 739
7835
 200
9682
7144
8826
1234
1974
6850
4618
7460
5277
7148
 589
7180
7339
3085
6984
 353
6544
 740
1645
8217
6676
9777
4768
 343
1969
9834
2931
 360
 573
7118
 560
6607
4263
9386
4193
6237
6236
8812
  49
7866
2312
6990
5046
6003
  76
2030
6356
6620
9122
8001
1189
5799
7779
5957
6142
6100
2143
5425
6460
2717
2544
7020
5676
6807
2758
9870
9396
5347
8682
9445
3213
7346
6436
4611
3349
6512
2994
9705
9484
2116
4058
 673
7915
8189
2982
 409
4290
5125
5835
7102
4194
8379
 475
9871
1538
3233
6093
 934
4932
4775
 379
8145
8473
3167
2757
1822
6031
5751
7879
1867
4219
8289
2540
2135
6479
1874
8896
7121
7000
4731
 575
1194
9462
1050
7417
1000
 636
3510
8286
5568
4637
5018
  66
3110
8185
2823
1284
 569
4926
9163
2436
9145
7453
1329
7632
 284
3203
6529
3757
 203
7612
4332
7750
3427
1735
1519
 779
2371
5030
9066
4291
6019
4084
4357
9130
8621
3532
6766
5542
8458
5930
7979
3956
9735
9308
7940
6371
2511
 821
 128
9067
4786
 812
3169
4565
2547
4688
5344
1270
6070
 762
5562
2090
1198
9919
7572
6172
3452
4338
1714
8262
6620
9693
8570
2707
5353
6511
5430
4217
3684
1910
9636
8470
2723
2805
3035
1622
3845
4732
2893
9916
5494
8455
8358
3045
4726
2282
9217
8178
2972
7283
2793
5945
6977
1363
8652
8682
4226
4083
2899
4263
5993
2535
9085
5068
1692
8473
6691
5538
3205
9584
1806
5051
4391
 164
4448
9117
8798
3665
7296
1770
 949
6441
7715
4278
4156
6368
9312
4735
6803
2212
8998
9148
1099
8083
 569
9144
6556
7260
4682
6113
3196
2840
7517
7587
9356
1965
6704
8154
1983
 352
9924
9284
6793
7640
3562
 950
 360
2874
5685
3515
1438
1035
2663
8890
5470
9584
8034
8379
6844
9068
4492
  40
8260
8361
3979
7616
 327
 684
5770
2310
1036
5694
1594
4182
9686
1508
1484
  46
 734
7169
3561
8525
4556
2577
7415
  26
2161
1801
8405
5358
7221
9250
1750
5481
7611
5730
3097
7938
6414
5219
6600
3802
 913
4546
7984
 600
2406
9468
6998
3141
2989
6912
8018
7545
9489
5433
3924
8002
3586
2329
3360
7159
1579
5111
2640
9191
7193
2089
3481
3607
7308
  82
7409
4573
 980
1746
5173
3387
7566
8524
2880
 556
5436
 898
4453
4925
2683
8377
9279
6269
7059
8992
3428
8638
 455
2420
4181
7648
4509
4015
7607
8169
 449
1368
2742
1429
3114
4268
1168
 681
2792
4048
7589
8228
4946
2042
9505
3981
6772
5136
 250
3831
4128
  30
8821
4583
8802
9355
8583
9663
3370
6190
7832
3819
7559
6927
1600
7025
1195
2769
7706
 339
3169
5295
4919
4468
3690
4424
8449
 462
5912
5052
 645
  41
5082
9466
 976
3885
5173
5912
9900
8543
2102
7733
8714
6013
4660
6667
3039
2207
5788
 745
2546
8957
2393
3817
3425
2435
8241
1875
9249
 505
3279
9894
 546
8361
5712
7875
8598
 886
3787
8499
5781
2241
2584
 848
8255
3596
7515
1294
5803
3303
8391
4701
8612
7136
4870
2038
9571
3111
 265
8820
9968
3544
5066
 515
8257
7131
4742
3208
4369
4881
8059
 150
7122
6995
7350
5377
 591
1217
6671
2746
4520
1415
3799
9485
8551
8669
1523
4475
8132
8140
9647
8100
1684
4714
4967
6293
8197
6061
5853
2566
 942
3912
2716
8065
 907
6419
3442
7850
7636
6466
 596
2157
7881
 747
1642
2784
9416
9517
7259
7548
7657
6907
2001
5693
7973
6968
8338
6170
3030
4192
8736
3972
4456
7804
8389
5364
4223
8184
9566
1860
4650
 163
 369
8883
 910
8363
8019
6679
4232
5279
 579
8241
8538
2580
 286
2863
5901
8624
9033
5283
9168
4121
9255
3625
8277
3997
5341
8853
2181
4907
 713
3183
1422
7434
8418
8685
2149
6437
5364
2733
8068
5943
 974
6606
8524
1260
9469
4425
6236
4854
9708
1757
5327
5315
1734
3605
5664
7075
2458
7845
8334
9523
1028
9757
3309
9446
4794
5458
2236
 158
8191
 304
6101
5517
6911
 977
3129
2732
1754
5717
3939
1462
7474
9266
3130
9208
9223
8794
2635
8033
2992
7322
3908
4020
3431
7217
9819
8225
9027
2055
8383
3570
2359
 836
5439
5622
1814
8568
4707
3568
4286
8646
1383
8112
4264
 865
3673
9840
9659
2660
4225
2651
9982
8134
3024
3413
5351
9195
7990
 731
7602
6373
 653
9961
3562
6093
1936
5376
4661
6643
5296
5299
1641
6679
3412
2257
7544
7085
8449
3556
9745
2675
2559
6080
 809
1935
5845
2512
1130
3836
9595
8732
 209
 249
5046
3771
6342
3334
5499
7355
6329
 796
2655
7970
3827
2419
6579
1372
5856
1381
1280
1953
4056
3839
8033
1217
5775
3879
  81
3257
7715
9677
1990
4276
9926
3388
4400
2620
6722
6251
6327
3051
7047
5334
7373
7227
7753
 304
4951
9961
1685
6231
1915
2093
6422
6300
3310
8549
6531
3392
1807
 598
3069
 149
1227
9347
3537
5627
8319
6611
1878
 998
6014
5278
6333
3387
2505
 438
3691
7456
 400
1729
  39
8667
3822
6461
1319
7133
5011
4203
6877
3170
4801
6298
3319
6028
5645
3208
8007
 316
9819
6238
1314
2185
1516
3999
5572
 373
4438
5615
4181
1190
7344
4220
9857
1167
 681
7528
4652
2044
1731
1529
5214
6533
7827
4885
8913
9824
8093
6921
6492
4264
9511
7806
6449
1027
1806
8373
7752
2596
3989
1933
3786
7685
2505
9995
5204
9538
7523
9856
1583
5607
7737
3149
8492
5564
8035
7405
1740
2480
 678
8232
6745
 189
2391
3194
7568
 549
7920
1672
9497
1909
9957
3283
9594
2462
3278
4799
8353
7153
1007
6288
9112
8745
9437
7604
 661
3824
1362
8754
6305
8392
6986
3050
8582
5729
2596
2502
2630
 516
4175
2127
8777
 484
5410
8372
2947
5040
9523
1300
8546
 530
7588
7658
5627
3377
1615
6289
7202
2977
5043
3507
1369
8381
2909
6303
 463
5505
5158
3093
2374
5685
1573
1151
6169
3335
5875
5468
8376
1750
6768
3274
2281
 708
7284
4260
4086
8899
 549
7640
8228
1944
1147
9598
6678
 408
2253
7141
5913
3763
6586
4639
9448
8159
5791
1970
7847
8018
7438
2575
9769
4207
5849
8402
1267
3133
2662
1705
8385
9564
9345
6613
7860
6844
2563
4538
7252
4817
8031
9518
4932
 970
4157
4381
5481
6300
6351
3328
4319
3789
5903
 440
4348
8104
8842
1968
1238
7856
3673
9623
7420
9371
2588
1633
6215
5152
2523
9820
9969
6907
9338
4901
7877
9847
5634
9710
2500
8337
3039
3171
2127
5294
3611
2827
3399
8805
4795
 989
6661
8469
6964
 434
4192
9552
2067
 407
4704
 942
6579
1025
7849
2269
2279
5726
2117
4265
1789
4617
2603
1180
7788
1082
6474
7751
3909
6225
6556
5057
3566
9569
9878
 530
   3
4070
6435
8422
 829
7491
9365
7409
4869
7214
6030
7148
9293
8147
7765
1082
9116
 368
2262
3256
1450
5088
7359
1712
7666
3915
3121
1232
3485
2999
8115
9840
7069
 902
4615
4250
8393
 332
8011
3262
3898
4042
6762
3191
2189
4528
 625
7658
1248
9239
7266
9051
 680
4626
7115
8346
4893
 236
9578
4730
3235
4045
4571
6656
4947
5538
 906
9693
5870
5270
9307
9768
9312
6070
9312
7853
6950
9937
5511
8198
5529
9130
3601
6209
3756
 716
4555
5001
 952
 485
9732
 539
 883
4303
7195
5830
6193
4454
5523
2063
9724
1183
1831
9036
7253
1143
6889
 555
7433
8753
5105
2962
7883
8707
9171
7991
9423
  78
2992
 376
6915
2724
 915
7798
3379
4463
9981
9572
5269
1856
7987
4993
3039
9819
 381
 292
7314
3622
7199
4747
8727
2305
4061
2962
1012
9584
 953
6787
9662
 298
3515
6578
9374
4431
 728
9106
5246
 709
5030
 515
2566
3018
1860
5605
9189
2241
2250
2855
2215
9449
7603
 943
8106
8016
3905
5470
7601
1211
2258
7263
7861
5773
 193
7235
6556
7274
6341
1802
7983
7724
8669
6901
 742
 529
8859
6283
9122
7461
9138
1338
3262
3093
8633
1369
1110
8890
6839
8711
 101
9097
2326
7962
4871
8872
1550
1427
6146
4243
9582
 481
1967
8251
7383
2709
8781
2594
5344
4255
  55
4483
1945
3317
7576
 578
1038
5038
9469
7878
3749
5922
3327
2428
 237
8198
1300
1787
5978
3798
6030
1912
4279
7998
 163
8014
7059
5296
6960
2404
9552
7015
6887
7849
6685
 815
8428
7723
5854
4249
5601
5955
6523
8929
8383
6760
3479
6035
8547
5809
6185
 930
7721
 465
5280
4237
4831
2339
9533
1792
1095
5437
5159
4334
3287
1844
5150
8067
9568
7356
8668
5169
3311
5191
 450
8047
1952
 282
 434
6851
6091
6620
7781
 165
3437
9413
4402
8268
1753
 287
6412
9200
2077
1572
3535
1716
3416
5037
9783
2984
2393
8451
4506
2056
3642
1308
6455
1946
1590
6890
8798
4034
3510
2931
 551
3299
2345
4953
1567
 450
1592
4332
9650
3669
2256
9537
1737
5672
4574
1520
5009
6967
6323
5867
5376
9966
3527
1831
1912
5118
5073
7062
5504
8583
9994
6055
8234
8691
7360
9802
9141
8952
 486
5143
8974
2742
4681
 711
4766
9255
8584
6127
2575
4907
1994
7951
1225
5522
6134
9490
6992
1208
6552
2496
6143
2898
4903
4378
1589
2263
 532
 730
7567
1018
2226
2893
 112
6907
9957
4878
6162
8541
1006
8737
9800
9352
3040
1026
1226
5527
 516
4570
6735
3420
7066
9230
6319
8321
9960
7908
 584
 492
4991
8152
7862
7217
7397
7974
4124
7354
9205
6638
5895
6563
1728
2048
5915
1120
3074
3494
6647
9942
8064
9734
3362
1483
8965
9681
9804
8925
3942
 389
5770
5285
4893
3632
2502
2290
7959
2978
9645
7164
9616
1892
  79
7696
 292
5994
8817
3366
5840
5464
9660
3905
5199
9375
1740
 516
5408
1544
5793
9350
8285
1563
4635
9530
5196
3489
1821
9507
6467
7818
6671
2436
6062
6750
6484
6355
9096
5301
6073
1289
7118
2086
1546
8669
1461
3286
9185
6869
1182
4978
6220
5820
2894
7207
5350
4442
7049
3523
3949
3516
7693
6972
2304
3756
  74
5141
6463
9170
 442
8888
6811
3912
 974
8357
2581
2435
7995
8118
9305
9178
9449
1877
4998
2343
5436
 348
6785
2485
 224
 734
2354
7917
7706
1010
8025
7780
6151
4488
3302
6594
3377
6466
 506
 703
4823
9440
3139
2819
7558
8796
8349
7007
7025
3347
5702
2461
  47
2487
1299
 271
9573
3653
4541
3631
4663
2566
1411
 815
3407
1066
3761
3136
7532
 619
3839
8707
  59
3330
7878
3970
8478
6227
7329
5503
5926
3032
4317
2326
1871
5616
8949
1445
9269
3490
5076
 284
2409
2840
7451
5816
 258
1212
8952
4142
8184
2791
9201
4595
2474
7080
8565
 952
9659
2247
6456
1938
5279
7125
 616
7150
2741
9565
4947
8362
9408
6376
4998
8169
9216
2450
3985
5826
  14
9289
9968
8198
8432
5521
9146
 906
2601
4063
1859
8613
6310
4667
6903
1589
1792
7519
5092
 885
3436
6391
9247
9196
2767
4245
7365
8335
3047
1350
4161
3062
 639
 481
7612
9072
6003
6758
6330
4956
 822
8189
3569
7132
9208
6824
5074
1000
4343
6518
8237
7780
2909
7484
6976
5677
8082
4342
4012
7481
2044
4526
 543
2684
5007
4508
8108
7362
7618
4438
2319
4792
8980
2240
1925
8188
9065
3351
5541
9760
6221
3778
7540
9130
7615
 869
1159
5697
1563
5172
9530
3607
6050
6426
2643
7409
 934
7103
4772
8552
7894
3443
3345
6874
2035
1622
1414
7452
1325
6955
7213
7546
 734
1105
3028
8349
8326
4188
 398
9889
9360
6280
9849
1762
2706
2492
9171
3640
5948
 295
8545
3842
  90
8242
 716
2126
6216
2130
5930
3893
5438
9495
1439
6172
 601
4467
 873
5279
8655
7623
5169
4367
3903
1370
2481
6610
 214
1653
6602
6162
8300
1499
   4
8391
9741
7072
6869
2309
5555
2799
6202
7345
2295
7641
9869
9248
8461
 742
4527
3468
4717
6048
4188
4972
7418
6669
7934
7633
8322
4537
 147
2975
6036
6504
1366
2130
3576
8235
4439
5483
1034
 642
2828
9681
4635
2697
8929
3096
9791
9809
2917
 860
2209
7105
5833
9628
3774
3767
3613
8449
4656
3760
1424
7045
 264
9142
9175
 193
7377
3614
2028
4763
 608
1209
4445
5244
3906
9726
4692
  50
5887
7609
7262
8097
1066
9447
4077
1193
3215
7690
5994
4223
7802
7418
1268
8067
2912
6795
4612
 289
6762
6640
5052
7370
7849
5849
8966
8108
1928
3659
4510
7815
7620
1772
5912
8687
1220
6341
9880
 787
4031
5874
1362
1834
9644
8983
6253
2556
5778
7217
9197
2540
3857
 601
6263
8059
6451
5229
2519
8379
8888
3381
2546
6509
1505
4811
1548
9077
1152
1428
6216
1536
3654
7579
3370
9650
6562
5975
2206
8692
3192
1403
1233
3401
8356
3848
7812
4807
9077
 331
9538
4318
  64
8437
7179
1570
3248
8727
 647
 752
6507
6864
2288
6513
4443
2010
6163
7357
7985
4721
6049
7529
2476
3634
 931
 832
7482
5095
5640
2912
1779
1530
7230
1843
9967
4409
3413
9567
9488
 413
 320
2347
7277
2608
8860
8072
 971
1375
1781
8956
6096
4182
2838
8572
7817
 121
9404
1651
5216
1396
4563
6995
2927
8145
8839
9246
8906
8604
8814
4746
9017
5486
7093
2646
4446
2305
7070
5417
3680
5203
 726
6128
9386
3564
4700
3555
3685
 457
5206
8901
1853
6122
2249
1132
 619
7440
6731
9526
6044
1897
4272
1414
7383
7718
 412
8181
  23
7483
3599
  56
2686
 677
6184
8424
4241
7237
1979
4278
7694
7186
9531
5899
9660
1780
7032
 279
9220
3763
6157
1617
2012
 430
3031
5747
4500
3443
3928
 875
7278
7527
 931
6317
4556
3468
4741
8797
 705
3073
9427
8399
6611
8959
4298
6271
7091
7682
2902
2664
7797
9060
4281
9809
5842
3664
5556
 342
3459
9485
1217
7090
3364
8501
3407
4273
1969
4500
3070
2674
3925
8850
7425
 536
7809
8075
6807
1252
5758
6062
3916
9907
5122
8197
6069
 964
8213
1625
7658
1673
7462
8875
8763
7179
7376
8522
1452
5697
9374
 874
4723
3300
9724
2148
3836
7533
6576
6996
5138
8686
3058
9054
8593
8180
7252
4662
5496
1817
2640
3154
3490
 102
8381
8605
3633
2110
7127
5085
7807
6502
5960
8883
9802
2036
7383
9990
5922
3959
6986
1060
2645
6396
 114
7591
4576
3718
2253
6424
5536
4893
5930
9026
1348
4312
7632
4981
6422
1111
6419
 581
7613
8731
5816
3767
 767
3200
 110
6689
7159
7096
7749
9805
3493
4216
7396
4421
7934
6001
7198
3470
7247
3128
8849
4947
7440
2833
6280
 214
3944
2699
7148
7910
1430
2964
8029
8550
6164
8139
1591
9676
1588
5693
9481
1433
9909
3229
5854
4195
5582
3052
7666
9181
2533
2867
4128
6325
5700
 409
6540
5996
9460
  40
 258
7243
9356
8288
5793
1873
2779
7384
1549
4367
9429
7382
5800
9338
6963
8007
3534
2545
7411
7552
1727
9944
6771
2207
6270
8823
2616
9162
4819
2077
9202
5078
5672
8558
9718
1465
6783
2497
5201
8332
3217
4631
5714
9017
 321
2677
7024
3855
5223
4436
7759
3302
 732
4530
5509
7002
3353
4478
6164
4525
2907
1718
5955
8579
6629
5673
6396
3412
4522
1597
1745
7739
2580
7459
6757
2902
 137
 133
3109
1712
 921
 869
1366
1654
1751
3227
8656
5105
7705
1173
5982
6964
2891
1937
1895
9520
7610
8291
2933
8484
6241
1030
6224
8821
8489
9333
8075
4978
5818
1185
6690
6740
2054
8056
4746
3805
1284
3402
5262
5341
 927
1244
8658
3819
3181
 553
9691
7143
5197
8976
1980
1438
   6
8204
6611
4848
3889
4687
9826
9707
2224
2869
6447
4278
7277
1193
4435
4913
 948
6050
6607
8227
3646
5265
8398
3180
2170
8090
 323
7367
3418
8655
5157
3425
6859
1769
4625
 748
2808
 803
6808
5032
3672
9607
5662
 950
7153
6449
2215
8101
2499
8822
2680
2498
4087
1079
5678
6258
9169
2353
9977
8939
1009
5135
2364
7868
3256
3341
4969
6064
4145
1777
7448
7817
1384
3110
5119
8537
5911
3687
2990
4763
2509
2023
7261
2949
3102
2939
5559
8623
5292
5536
7562
6301
7023
6279
 522
 279
9620
5491
6343
 117
3620
 143
4287
1356
9605
5758
6246
5517
9445
5588
 280
1955
7611
7541
1256
 713
 480
6815
5688
2124
8703
3251
8426
5727
5882
8948
6006
5502
 791
8702
1972
 763
5197
6259
2119
4803
2017
4717
 320
1463
 306
6952
9770
4269
4493
1026
1335
1325
4193
7023
9801
9248
6626
8227
4975
2508
3527
7334
4363
4318
2388
6335
1433
7585
2594
9905
2388
 963
4622
9060
2426
1280
6012
2196
5550
6857
9574
6885
4534
 119
 260
4336
9368
6887
8915
 695
5747
2443
8029
 110
3113
6769
2797
4547
 707
1743
 804
9447
2707
5426
8508
5133
6707
 872
3682
8609
4082
9608
1846
8616
9728
2106
9304
5448
5345
8220
6143
7445
7015
 525
3907
6480
7294
6705
7379
8001
4800
8183
7449
7507
3610
2309
8993
6669
9533
9027
5278
3615
8635
7124
8584
4715
5582
7888
 163
7280
2460
6307
4725
9475
6832
8632
5956
 478
5337
3335
4832
 138
1519
8633
3997
5129
 942
2990
8150
 475
8369
3428
 443
7005
6904
9027
8072
2486
3267
8236
9766
5728
 895
4491
5203
4079
9476
1159
4557
1165
 847
9389
7655
2366
8022
1653
3847
5316
 995
1997
2144
9365
1777
2587
2722
8681
7966
 794
7519
1233
5382
7286
6961
6277
8129
8517
 356
3957
9676
1266
5123
6875
7007
2778
5593
5030
4431
9440
6698
1779
7789
8842
1144
9566
7781
 218
4599
2099
1012
2119
3333
2747
5757
6646
9024
 238
5163
5733
4196
1192
3351
9319
8067
 358
2097
  13
5388
2881
9453
8439
4660
3595
7281
2156
9513
1415
2374
4113
3514
9738
2584
3199
8837
8341
6198
4214
4931
1361
6299
9127
8905
9650
4798
3325
   8
3248
3338
1749
2481
9143
 188
3493
2738
3821
5649
8604
5236
4375
2717
5103
 465
1653
4654
5655
9994
 852
9869
4925
8566
6168
 405
7471
5818
1555
 796
5826
4803
 486
7575
7284
9630
4115
 777
2368
7937
2778
 972
9525
3505
  41
 980
3971
1694
5635
5978
8040
2839
5847
9318
1405
2015
6075
5229
4185
7630
2377
6363
2434
2864
 291
6070
2494
4406
3200
1214
2343
5978
8539
8221
9484
4932
9201
9807
2979
1188
5785
1019
4028
7984
6689
1785
6351
2764
7014
 536
 395
5744
6899
9181
4960
3542
5251
3806
7949
4803
5020
6644
 782
9911
4865
6618
4844
 419
2777
4175
1607
4914
5194
5635
9250
1884
7421
5601
1000
 787
6137
1395
2883
9388
6928
7843
2931
8532
1649
7232
3335
3022
3876
 469
9285
5094
3439
 481
5513
6216
4656
7120
7482
9851
2756
6732
8087
6529
2333
9087
3668
4822
6835
6552
 563
3763
 747
9846
8647
8749
7078
1983
8123
7306
2452
7408
2400
5892
7890
7913
8460
2546
1386
2295
8749
 494
5379
3188
3375
4065
8628
7043
5239
1815
9947
5802
1930
7047
5648
 578
5796
2726
2561
3919
  33
1365
7679
8785
3609
5569
3051
8422
4468
4437
7069
9569
4931
2448
9110
4658
6513
7738
8053
1753
5905
8001
3907
7835
1400
9556
8413
7196
8634
7326
7467
8667
5044
5146
3805
5005
7068
6856
3427
1536
1293
 496
7457
2576
9297
6567
7234
2162
 657
5287
3915
6562
9640
7823
4398
1040
3731
9163
4588
2365
2842
8407
7385
4238
3554
1190
9243
 622
8046
9023
8510
5691
5871
5967
8267
5168
8887
1853
7331
9544
3492
7598
6107
9485
1773
6857
6877
5504
6020
1466
4222
5214
9873
1607
9452
9779
2797
8696
 401
7195
7719
5263
2886
3590
1231
7505
5111
 118
5710
2442
6014
5554
6392
2121
5039
8166
8978
1917
3670
1351
9735
7892
6565
5960
5851
6018
5740
5000
1066
2493
2195
8785
7757
1433
8727
5340
5290
 190
1810
1000
2632
7824
2907
5377
9946
4298
3543
5276
6215
3565
6627
2302
1458
9545
8263
7309
5563
 355
8662
6629
2848
 857
1766
6957
8643
6845
2297
3933
7036
 459
1286
6020
8284
4193
1397
4582
8491
1292
9858
1059
4858
2838
9713
6316
2383
7976
9977
7946
4683
8639
 927
7532
5849
9045
 841
4492
2242
3139
4777
9278
3598
6063
1651
8234
6608
9400
2816
1452
 693
2675
8863
5551
5513
8576
8219
4248
2905
4548
2194
7588
3188
9473
1472
5389
4870
2314
9881
7112
1805
4658
2743
1755
7074
4394
9990
3682
 146
2806
1486
 839
1833
 349
6390
3698
8926
 961
7946
1831
5510
6492
5771
5050
2317
7244
 439
7187
5910
6672
4300
7715
1330
7043
5822
4756
7789
5812
4791
7935
4971
6277
5127
3156
6627
7869
3207
5553
8831
7505
3736
4341
 350
9507
9391
2667
3103
6182
6207
5365
2854
6859
3080
 536
3902
8903
5293
8043
1067
  84
2330
2390
2713
7457
5547
9340
5327
5106
1245
 510
2611
1333
4851
9313
7193
 594
8333
 296
6776
4540
5662
9630
1399
5094
6518
1653
 349
1811
9696
7769
8247
2026
 159
 961
5836
2058
6653
7515
7164
7899
8025
6128
5584
9228
1793
2777
9822
 126
9426
2950
4666
1440
8932
2417
2886
5450
4070
3236
3614
 118
7357
1861
8497
7516
9174
4333
5927
5828
1848
9443
  79
9873
1923
5663
5453
3717
4793
5275
3843
4219
4577
8510
2011
9861
 927
4897
1663
1350
4485
5277
1468
1842
3491
9965
5711
2665
 650
1638
4845
2498
7433
4924
8723
9357
 588
4176
3074
5381
5803
6917
5952
6732
1779
7963
6593
9059
9212
8257
 409
3698
9886
8229
1892
9729
8195
7603
2395
8845
5593
7240
7696
3027
2165
6419
2384
9105
6948
1810
 838
2751
5079
3142
9484
3211
1105
2429
2270
 317
7038
9031
 367
3277
7260
2260
3006
1807
9863
5401
7005
1809
8994
1053
4836
7511
3824
3572
2968
 772
1734
3806
9876
6813
6948
5712
  24
4405
8141
8646
1074
1532
7677
1442
4809
1290
  54
7815
9449
9917
9569
2806
8078
4915
3859
2914
2426
7684
2838
5394
4808
4572
5552
4684
1386
8852
 396
7762
3257
4890
6409
 683
6422
 438
8477
7583
8080
8531
1750
3882
4801
7671
6688
2879
2586
6900
2146
5012
 936
4984
6758
5744
5909
2310
6781
3647
1162
7177
7761
 771
8419
4170
7807
1193
 961
6284
8776
9041
1168
6879
2923
5969
4550
5964
5200
7137
2864
7346
8501
3800
8683
1612
9544
 944
3922
6325
4591
1437
9855
2352
8560
4626
2875
6367
5820
3836
9004
4596
9229
 172
7827
2153
6141
2378
8117
1341
5867
7333
5040
 720
1133
3723
2332
7029
1019
2607
9707
5610
 396
5914
4314
8956
 540
7189
1676
6360
7377
 680
7309
6607
 852
5136
5112
3345
3866
3229
1038
9733
6914
6078
 454
8047
6153
9138
1428
7172
1745
1135
9134
2141
3401
3449
7450
3942
6990
9126
6654
4368
6158
3963
 975
7010
5452
6087
6707
9318
5668
7745
5404
2582
3824
2210
6981
6329
1348
8409
9854
3094
5897
8988
1587
9298
2437
9037
9592
9428
4515
6247
 148
 673
6562
1123
4035
2014
3562
 742
1333
5582
4840
3089
8164
5016
5299
1497
1345
6647
6258
1199
6093
2155
 188
7681
7806
8977
3070
3750
4757
3938
9997
4905
 963
6560
2380
4999
4926
5942
2093
2611
1524
6933
5700
6040
1949
 999
3889
9647
7647
 148
 846
3740
8655
7386
7773
2813
2716
7196
6564
7473
7486
2913
2379
8449
5825
1111
9800
 752
7054
1894
3363
4930
5179
9064
7323
7129
6415
1212
3128
4062
7712
 326
4155
6368
7713
8280
9181
 429
1828
2097
4254
9314
5011
2985
7764
 836
4097
7564
1588
7503
9458
1304
2433
 990
6720
6108
8119
3135
3673
7599
3550
1385
7925
7705
4105
1990
2337
9639
8771
4166
1736
3026
3480
3099
6011
1244
3936
 108
5161
1876
7611
 971
9532
6397
1961
6252
8857
6432
9388
2530
4031
9290
 268
1957
6995
 725
 299
5684
 364
9071
9850
8453
2097
9683
7904
8108
7279
8192
4569
2440
  69
2180
3412
5953
4929
1725
2206
3787
8158
7946
6317
2189
7236
2937
 498
 583
3663
 798
2619
 379
6221
2470
5184
8318
8505
3089
2778
5784
1281
7347
4577
7702
5880
4341
3656
 809
6066
2214
4596
4224
6512
7266
2766
 100
6555
9616
7035
6570
6766
9654
6950
2987
8476
8486
1305
6981
1575
 436
9118
9209
7783
3695
6911
  15
8036
6919
7177
 454
5485
8125
4679
1997
1743
3797
8449
8299
3413
5484
4869
6532
1491
1819
9519
9967
6658
7177
3301
8233
7613
8771
7442
1748
8818
 706
1764
3206
7625
5293
3660
3111
3418
4691
1460
5162
8488
9910
3461
8254
1746
4682
4786
3237
2854
 657
9557
9512
7834
9210
7745
1799
4333
1540
3548
3151
2246
1664
6357
9871
6957
6369
9334
 375
1061
 795
1889
5901
7057
1702
 507
8803
6385
1645
8393
9239
2303
4302
8751
6489
9864
2848
8289
4197
4388
1837
7348
6634
3501
  57
2858
6810
6426
2192
3537
7487
9339
5427
9741
6396
3481
 248
1552
9866
1894
6297
9105
4197
6951
4208
 686
6815
7057
8975
1012
1445
7164
4712
4432
7017
4769
7290
3827
7547
5834
3717
1387
5174
5496
1128
7922
8977
1376
5826
8844
3270
8475
4301
3819
5426
8510
 858
8593
5567
6185
9605
3364
3350
 669
7796
 367
1790
5086
 547
9338
7273
4264
 725
8799
9760
1853
3073
8737
9581
5252
3933
9204
3727
8235
3023
5506
6745
 233
4099
8664
6419
3705
2028
9769
 726
9825
6488
2517
1263
7035
1855
4888
7651
8932
3687
3763
7137
6761
2501
3070
8365
2786
2274
2092
1021
1650
7598
4118
1883
1698
2782
8302
1755
1163
4423
8833
7340
 912
1350
4955
4299
9557
9844
1951
4841
9883
5714
1978
2996
4567
5049
1361
3706
3675
9806
4727
5325
3756
5198
7209
5454
4332
1863
3561
5495
6287
2395
9187
7199
  97
4143
7850
6007
 339
9801
 848
 222
1868
9179
9571
2787
 580
 932
6493
4255
7090
7573
5933
 847
2771
9494
2653
7103
1357
2567
8951
7644
1314
8138
1195
1411
8633
9046
7418
8972
5199
8267
5547
3419
3798
5118
2559
4378
2402
5404
8633
9493
2977
4566
6692
2100
 412
9345
5556
1770
1912
 859
5766
3226
8997
3314
 990
7631
8712
8408
2955
3911
3027
8502
3683
6825
9972
6242
7555
2375
7998
6189
8220
 976
7107
1264
9428
7520
 609
4984
5642
8874
2195
1408
2100
1193
1074
9442
5176
9786
4203
8131
  50
7230
2986
3733
 408
2958
6327
7963
1685
4325
 504
6257
1653
3964
7521
7434
7836
8131
8770
3478
3357
 966
1238
1809
2159
2313
1252
3687
8451
5455
8170
8501
9037
1156
8586
9445
4115
1265
3761
2152
1943
4265
8410
3596
8229
5931
7382
6065
 414
6153
5895
3771
7119
3486
1933
5630
5799
3185
5669
4250
8640
3839
9104
7677
4996
7690
3475
5463
8956
7236
7615
7251
7853
2377
 847
2435
4661
4582
4852
1427
 735
 748
1551
4206
 586
3484
9836
6385
6669
5505
6987
1661
5696
2443
5690
 692
 134
9165
2507
5442
2753
6475
2693
6959
8852
9892
9394
9865
 826
4246
1293
1561
1346
2844
2119
1932
6328
1955
4669
9349
3812
8009
1010
5861
 452
6700
6553
6938
2218
5413
8732
1323
1888
7777
8282
7092
7670
7676
3310
8496
8275
4603
6410
9621
7447
8529
7906
 127
6837
2575
9476
7001
 584
 486
2862
7389
3538
5768
4327
5756
1181
3060
7080
9421
 837
5362
2865
4859
9391
6175
9708
7666
 778
2470
3639
4577
 999
1545
4704
4188
4121
 532
1190
1057
7370
 404
8446
 909
6172
9126
3017
3705
8538
6449
9478
5727
8164
2344
6939
3907
8519
6647
1573
9298
5469
5212
 227
2820
6758
1284
7009
7231
1816
4551
4640
5539
1307
9439
6448
7480
8565
5817
7537
7103
8619
7016
9182
6783
9360
6121
 690
7879
9120
8615
3529
4589
 179
3757
7410
3289
1393
 771
 520
3209
5322
1513
8748
6629
 952
1548
 461
9517
3718
4351
2972
2337
1367
8506
5472
7079
4628
2514
1310
3748
1129
4840
4690
1308
4949
2100
4598
6342
2871
1470
5903
4545
2983
1004
1174
 287
2552
7988
6156
2622
2339
9128
4959
  58
3987
6783
7137
8615
9297
4799
8715
 426
5991
3405
8087
7292
1857
9037
3634
4728
6859
5890
9273
6195
6894
6800
6482
5798
4788
2639
8421
3479
8119
9732
9889
8458
6516
7026
7073
5813
8177
2141
2592
4169
5546
7031
1461
7404
2420
1448
8484
9279
3690
7758
1826
 584
 910
4661
2734
2050
3652
7507
5529
8123
3592
5418
6582
 108
8796
3655
2273
6973
5796
1217
7494
7695
4600
8956
5099
7020
6756
3583
2652
 446
7693
 830
7382
8603
5491
6468
7005
9143
3976
2534
7267
7568
4304
3849
4028
9452
3856
2653
2778
6005
 223
 272
3700
4823
5580
5151
8196
8688
5086
 848
9134
9132
1678
2868
4087
3522
9337
1093
2665
9665
9979
6284
3585
4284
6485
7613
3736
6694
6618
2866
2699
6841
3139
2751
1665
5071
7902
9861
3760
9340
7061
2894
8472
5091
2115
2560
8613
1452
   5
7631
7469
9984
 267
1054
4268
6753
5019
4357
9799
1637
7223
2498
4831
6714
5249
6496
1786
9503
2709
1898
5195
6122
1144
  20
1213
3259
8932
6179
1063
8937
3810
8532
8921
 429
9586
9542
3534
4605
3899
3333
2595
7474
5831
7426
 541
7432
 274
8679
3287
9335
 577
4835
5457
1721
4855
6670
4981
3787
9201
6044
2724
3011
 929
1645
9793
 515
1187
3327
1473
1438
6661
4068
5265
2492
7846
5806
6277
4472
 837
5916
3807
1414
 751
5616
9487
5606
8638
 820
9393
7840
3217
8469
7203
4146
6467
6996
4661
7654
 324
2486
5445
6985
2906
 710
5829
 752
2868
2106
1576
3705
4375
1735
1471
5126
7351
7310
 733
5990
8131
6478
3830
1348
4948
7385
1846
7767
4382
2859
5421
4706
5346
7218
8043
8252
7928
3872
5357
7148
2331
6933
7205
6706
5021
8676
8184
2372
5987
8917
8362
 470
1748
8544
8170
3048
5930
  16
 815
6664
2875
2588
1370
8221
9807
5765
2826
4087
5989
8183
1236
4672
1468
8441
7730
6489
3470
5915
5214
5809
1184
9928
6279
2932
8473
4449
5980
 755
4465
3147
7419
7340
5736
5141
1914
1895
 906
4740
5982
6895
9275
7218
7920
7095
2012
5650
9937
5482
1565
5151
1291
2750
5079
3922
5682
9904
8371
8015
 659
9188
7514
4430
6528
9602
9571
4794
1497
6829
5886
7480
  77
1513
4698
7997
8609
3062
3647
8546
8544
1565
  49
6187
4315
1480
 109
6349
1385
8480
 716
8396
4020
8231
9179
 549
7833
5102
1695
9331
1932
7582
3163
2009
9095
4213
6358
4056
7276
6357
8954
2172
7922
9003
8360
2237
6836
8469
4939
4573
3302
5655
2969
7322
 238
8500
4223
4424
3603
2271
 107
5535
6205
3270
3896
5300
7483
 254
5709
1111
2963
4663
3284
 886
  19
1644
9475
6855
6465
4414
1428
6119
6422
 749
9794
6660
9250
 369
7436
2853
2640
7543
4740
5197
7165
8636
6850
4649
5242
2559
2112
4557
3574
5396
5443
3593
3392
4919
6800
9858
9333
4580
2329
5755
5330
2123
8768
 932
8845
6204
 137
7837
 100
4877
3035
7265
9865
9885
8266
1459
2444
 379
6016
6018
5775
7812
5964
9168
2731
2764
5378
8416
7345
7707
 524
9027
6183
9292
6311
5028
1848
6448
9217
1948
7677
2252
5566
3894
2137
3832
1705
 933
4211
4073
3304
6339
1885
9268
5507
 968
8384
7237
9385
5729
4944
9909
1108
7479
5553
7419
8859
3753
 219
8077
2054
4248
 329
7620
4494
8819
1452
6199
9752
5664
 273
3056
8355
8510
8676
3862
9479
7061
1099
5216
9142
2395
1477
6603
9875
3382
4022
8734
7135
 594
3163
9189
1194
9845
3161
5689
8664
4614
1888
4768
6630
8513
4177
4985
3376
2853
5199
9207
6266
6298
4423
5409
5045
5900
2012
4920
5634
2386
   7
2769
9332
3170
8311
 527
3015
1472
6216
8031
2438
4456
9152
9068
9322
3329
 405
9050
2534
5604
8257
8801
8254
2680
 562
3300
4932
8926
4572
6918
1312
 931
6039
6997
 454
4350
7524
9821
2175
  92
7853
 965
 900
7005
6386
6574
6686
6791
5624
9220
8748
3881
4373
7002
2913
4935
6654
4197
3861
1227
1115
1526
8510
7155
8523
8964
7857
2399
8786
6384
8843
2991
7350
9743
9996
3736
2670
6682
6879
8294
2254
5627
2176
6628
2630
1441
7915
9284
5639
1777
6863
6754
9655
5374
3909
4530
4338
8119
6929
9476
4503
2124
2467
1853
8219
8815
1941
 889
1849
8821
9184
4104
4448
7712
7084
3430
9153
4999
9067
1144
3128
2282
4251
2783
7656
4512
3665
8347
2631
6946
4175
7135
9070
6643
8988
7290
5458
 930
8179
3660
6103
3715
7764
 551
1427
4848
 334
6933
6199
5753
4429
9328
8035
8680
8463
2044
3193
8481
6743
5824
5427
 918
9311
4498
7561
8300
8140
9372
5582
6319
3032
8037
6387
7148
4940
4166
8348
5274
7451
4547
1027
1881
 227
9063
 561
5043
7459
 106
3524
4202
5931
5303
5120
5242
9801
9034
9894
4293
4758
1828
6965
7790
9865
3352
1290
1158
7518
9638
6432
1322
 537
3812
3203
7117
9227
 116
8512
6686
 223
8388
 888
2506
3691
2360
4100
9845
1394
 347
4138
6152
2175
1103
 294
8393
 807
7936
9551
4678
3926
2335
6000
4464
2499
9203
7933
1726
5671
2797
4764
5894
1185
2004
4752
1228
4365
8853
7425
5759
9200
7916
8264
7727
9019
4910
2472
9827
2847
8375
 857
6773
7063
6857
7589
9562
6060
5522
7641
8083
4671
8757
3978
2208
 762
8730
3437
1479
3935
7214
3590
9487
5130
1854
7215
4150
3117
6039
 329
5964
4415
1186
2737
1478
4395
 327
7392
 455
2201
1385
4890
3225
 143
8868
5433
7257
3951
8870
8736
4238
2437
2326
3726
7567
 533
7293
8069
3650
3332
8398
5966
7747
5936
8703
5577
 331
5382
9322
7138
3936
 707
2029
7161
7202
7249
2594
4459
7552
7817
9547
1791
 254
8226
1869
7821
5111
9162
5891
8761
2494
 641
1079
6594
2930
9782
8523
9613
1517
7845
6752
5453
8553
5133
8966
2107
8734
1560
6567
2639
5729
2466
 782
5983
 692
2651
 157
5803
1813
6048
 916
 659
3041
1995
3605
5971
8130
2129
5585
9647
9974
8689
1452
4879
 174
 418
6987
8908
1978
9906
7899
7708
2372
8681
  43
3065
1332
 200
8868
9497
2600
6137
 157
1994
8132
 114
7965
6262
2243
9902
2261
2218
4943
3713
3449
5117
4131
 436
 378
6110
6694
8277
 170
9067
6959
6565
2132
4643
3118
7352
4141
5718
9841
 650
7712
7974
 764
2030
 588
9360
8284
2850
7930
3228
6563
1379
4697
 695
8168
5075
3157
4862
9705
9679
3929
3016
6244
2413
7659
9362
6118
8152
1433
5959
8802
5497
 285
5919
7527
 874
5279
5812
  76
3209
5392
6639
 940
  89
3686
9108
1517
6843
 323
1222
2874
 604
4238
9119
3018
1897
4833
5488
6402
2618
1447
5204
8116
1733
7475
5643
8959
9106
7807
9035
2315
9551
2026
9608
9641
5713
8716
1158
8908
5391
2380
8135
5996
2970
7254
5366
1219
8439
 854
7621
1058
2301
9178
9174
 386
6653
1169
5697
5760
5329
1084
4427
4880
3111
4035
 873
5176
9104
2031
 436
 847
 763
8571
6843
  85
2177
2209
1305
 617
3063
8926
8027
1717
8104
3553
8455
1110
4722
 505
6870
6403
1589
7649
7636
1052
8037
8509
2580
3493
6893
3017
4340
4008
1588
1184
4094
3766
9745
5399
 735
2809
4325
5114
 878
8782
8667
5685
9892
9741
6190
3114
2497
4132
7115
 133
5184
5152
4994
7765
4997
1887
7134
9338
5896
5074
6874
9990
5192
6619
5389
5927
5780
6066
7393
3010
1200
6060
8696
7444
2154
1238
6910
4651
5370
4026
4784
6907
5530
9778
1024
 528
1666
8158
9866
3914
3232
6740
3904
8425
9711
5645
 704
5492
8063
8098
8502
9264
 510
7198
3060
2664
4789
9971
7315
 159
 349
2099
3418
5879
8230
4442
2759
6248
8952
8977
 162
8537
5717
 418
3314
1781
6063
4018
7273
4126
8468
5775
9742
8979
9326
2803
7995
 467
9126
5311
 626
9475
3762
 397
1706
1992
1191
4466
8240
 144
3443
8402
5033
5513
8820
8347
7294
1235
8717
4567
1714
3538
6694
1456
8869
2372
 611
6864
2839
6089
2175
9818
5564
5938
 215
7271
7930
7758
8089
2523
7902
1532
7277
9287
3397
2450
3986
 691
3685
2704
1610
5399
2594
4657
3208
1463
3381
 171
8327
6221
6261
6855
2391
8177
2793
8958
5448
7075
6716
9889
5950
 971
7774
3228
 258
1171
5678
4245
1863
9363
3301
9825
1115
5895
4482
 675
3710
7864
 846
2037
 437
3459
8892
2828
1637
8037
1786
3437
5113
8502
3327
1063
9473
1101
 643
6084
8624
6321
 329
 487
2037
9982
6665
9504
2229
7499
 179
5939
1715
7377
7976
2152
7189
3221
1332
8826
1258
9470
8615
2723
4325
8294
 139
 150
9395
 782
6234
4372
7104
2915
1211
5493
2897
7876
4997
5126
5376
5176
1065
7091
8905
5394
5596
6094
8615
3280
1272
6225
2751
9888
8949
7076
8182
9088
3578
3930
9870
9813
8302
3326
2728
9513
8819
1978
7390
 168
3456
9118
5344
 874
2561
 602
6268
4509
6696
1235
7790
7969
7460
6893
7857
2761
 321
2391
1849
3899
6321
8072
  64
4623
7750
2793
 489
2922
1123
7879
3090
4579
3349
4787
1805
2262
5389
8073
6772
8437
5660
 914
6406
3121
7807
 615
5882
4480
3007
4084
8379
5680
8508
8444
6656
6258
7589
7145
5532
8712
5024
8623
9643
4725
9762
1449
6987
5151
5874
3759
3588
1535
4673
6347
1008
8832
3314
3242
3312
6321
7326
8044
8354
2186
6488
5010
8445
 429
2155
 329
5493
3531
5304
1488
8256
5066
2937
1595
 217
5164
5355
 158
3051
6380
6505
4059
1565
9819
7301
4877
2493
 980
2921
 847
3166
5761
2209
7963
6190
4364
8293
8035
7895
3597
9524
2503
8664
2461
4098
5233
3977
5805
5391
7028
8538
8248
7439
 103
4420
4741
1332
6913
5721
 606
4112
5239
2719
6321
3203
5262
7037
7848
3297
1284
1445
2821
 139
6461
1635
4237
1695
5612
6395
3438
8993
1285
1687
6432
7740
6107
1173
5424
9372
3246
6030
3484
4838
5102
6157
8041
 364
9546
5889
3661
 830
3686
6483
7321
 148
8118
7910
8195
  82
4305
1633
9075
1942
3320
5508
9682
5779
3033
1459
5151
2632
3841
4987
7470
8943
7496
5511
9307
3394
7752
2969
4224
1438
5804
1545
7938
 274
9456
2485
 356
 113
4119
9432
8408
3791
4940
8090
5923
7973
9549
1074
 605
3391
2414
4427
8686
6262
9938
7994
9657
4042
7315
 233
1833
9471
1779
9771
9745
7587
8609
 101
4052
9080
9533
2460
9223
 825
6903
5146
5151
2804
2573
2108
2547
1339
6536
1234
7601
2826
5580
7258
6869
9247
7492
8702
8718
5623
4825
8463
9562
3434
4916
3614
8866
4450
2427
8090
1627
5682
3236
6778
8486
2161
8887
7386
3500
1775
8620
1102
4601
 552
4712
1470
9799
2204
 172
4869
7827
1350
3332
3741
4784
8248
7356
   3
9050
6135
8093
 678
1817
7681
3808
 303
9843
2695
7689
9695
4470
2661
7149
5424
9565
1862
6894
9364
 418
3419
4233
4598
4769
3917
8339
5905
8518
2047
5908
